profile=free  sessions=4×12 min/day
day  pop  kids  rooms  lvl  colLv  pearls  cryst  items  story  earned_p  ads  starv
  1   10     0     15  6.2      4     205     59      1      5      1466    0     0
  2   12     0     17  7.9      5     178    106      4      5      2804    0     0
  3   17     1     19  8.8      7     599    159      7      7      4292    0     0
  4   24     1     22  9.4      8     576    256     14      7      8453    0     0
  5   31     0     26  10.2      8     945    367     22      7     12708    0    71
  6   37     0     32  10.0      9     618    464     36      8     18691    0   376
  7   49     1     34  11.0     10     481    567     47      8     24379    0   877
  8   47     0     34  12.1     10     577    624     60      8     30444    0   877
  9   54     1     34  12.3     11     534    702     68      8     35200    0   877
 10   51     1     34  12.4     11     510    769     78      8     43826    0   877
 11   63     2     34  12.1     12     430    810     89      8     50672    0   877
 12   80     2     35  12.5     12     571    930    104      8     60975    0   877
 13  100     2     36  13.0     13    2140   1032    117      8     70417    0   877
 14  100     0     36  14.6     13    2435   1104    130      8     79634    0   930
 15  100     0     36  15.7     14    2465   1185    142      8     92204    0  1019
 16  100     0     36  16.7     14    2743   1260    155      8    103259    0  1066
 17  100     0     36  17.6     14    1055   1347    169      8    120424    0  1138
 18  100     0     36  18.4     15    2775   1429    182      8    134821    0  1233
 19  100     0     36  19.1     15   10786   1528    197      8    154893    0  1343
 20  100     0     36  19.8     15   27972   1716    212      8    176889    0  1368
 21  100     0     36  20.5     15   49691   1893    227      8    200681    0  1462
 22  100     0     36  21.1     16    2035   1956    241      8    219388    0  1472
 23  100     0     36  21.6     16    1976   2047    255     10    242790    0  1472
 24  100     0     36  22.3     16   11172   2068    266     10    262002    0  1472
 25  100     0     36  22.7     16    8648   2087    278     10    280907    0  1472
 26  100     0     36  23.3     16    2846   2107    288     10    303100    0  1472
 27  100     0     36  23.7     17   15055   2152    300     10    328233    0  1472
 28  100     0     36  24.2     17    3968   2173    314     10    346076    0  1472
rooms: { "reactor": 2, "airlock": 1, "elevator": 7, "oxygen": 2, "farm": 1, "living": 6, "dock": 1, "lab": 1, "storage": 1, "radio": 1, "pearl": 3, "medbay": 1, "kitchen": 1, "gym": 1, "school": 1, "lounge": 1, "workshop": 1, "armory": 1, "aquarium": 1, "turbine": 1, "observatory": 1 }
room levels: { 5: 26, 1: 8, 4: 2 }
pearl sources: { "collect": 185918, "manage": 154346, "sim": 27388 }
pop sources: { "offline": 66, "sim": -145, "manage": 142, "session_start": 0 } births 35
ERROR: 5 resources still in use at exit (run with --verbose for details).
