profile=ads  sessions=4×12 min/day
day  pop  kids  rooms  lvl  colLv  pearls  cryst  items  story  earned_p  ads  starv
  1   10     0     14  6.7      4     507     96      5      1      2022   18     0
  2   14     1     17  7.6      6     176    146      8      4      3713   30     0
  3   19     1     21  8.2      7     154    204     14      6      6059   42     0
  4   21     0     22  10.0      8     973    307     19      7      9043   54     0
  5   32     1     28  10.1      9     781    500     28      7     14187   66     0
  6   38     1     31  10.8      9     481    597     40      8     20995   78     0
  7   43     1     33  11.3     10     157    653     52      8     27813   90    20
  8   56     1     33  11.2     10    1106    700     64      8     35752  102    20
  9   69     1     33  11.9     11    2216    750     80      8     45670  114   110
 10   82     2     35  12.6     12    2334    791     91      8     53816  126   257
 11   98     2     36  12.8     12    1046    888    110     10     63693  138   257
 12  100     0     36  14.3     13    2731    995    122     10     78244  150   257
 13  100     0     36  15.6     13    4527   1087    136     10     95790  162   257
 14  100     0     36  16.6     14    2269   1144    147     10    112434  174   257
 15  100     0     36  17.5     14    9361   1198    165     10    129803  186   257
 16  100     0     36  18.3     14   16490   1223    184     10    145960  198   257
 17  100     0     36  19.1     14   36915   1250    196     10    164738  210   257
 18  100     0     36  19.8     15   54371   1282    210     10    180273  222   257
 19  100     0     36  20.6     15   75253   1308    226     10    198838  234   257
 20  100     0     36  21.1     15   96276   1328    241     10    216518  246   260
 21  100     0     36  21.7     15  114937   1352    257     10    235358  258   268
 22  100     0     36  22.3     16    9644   1366    269     10    257255  270   268
 23  100     0     36  22.7     16    4903   1379    282     10    281342  282   268
 24  100     0     36  23.3     16   10630   1425    296     10    302359  294   268
 25  100     0     36  23.8     16   18096   1451    309     10    328186  306   268
 26  100     0     36  24.2     17   22859   1498    323     10    354310  318   268
 27  100     0     36  24.7     17   25102   1520    338     10    380300  330   268
 28  100     0     36  25.1     17   49712   1546    352     10    403424  342   268
rooms: { "reactor": 2, "airlock": 1, "elevator": 7, "oxygen": 2, "farm": 1, "living": 6, "dock": 1, "lab": 1, "storage": 1, "radio": 1, "pearl": 3, "medbay": 1, "kitchen": 1, "gym": 1, "school": 1, "lounge": 1, "workshop": 1, "armory": 1, "aquarium": 1, "turbine": 1, "observatory": 1 }
room levels: { 5: 28, 1: 8 }
pearl sources: { "collect": 229338, "manage": 160360, "sim": 28116 }
pop sources: { "offline": 55, "sim": -61, "manage": 70, "session_start": 0 } births 27
ERROR: 5 resources still in use at exit (run with --verbose for details).
