profile=starter  sessions=4×12 min/day
day  pop  kids  rooms  lvl  colLv  pearls  cryst  items  story  earned_p  ads  starv
  1   15     0     12  5.9      5     325    257      4      1      2495   18   329
  2   23     1     23  8.4      6     401    367     10      7      4824   30   329
  3   27     1     24  9.8      7     657    446     16      7     11200   42   329
  4   40     2     30  9.7      8     765    551     21      8     21082   54   329
  5   50     1     33  10.5      9    1290    602     37      8     38718   66   398
  6   68     1     36  10.8     10    8313    695     56      8     63036   78   436
  7   88     2     37  11.4     11   43946    784     70      8     97884   90   436
  8  100     0     38  12.7     12   81188    883     88     10    132714  102   641
  9  100     0     38  14.3     12  114550    941    104     10    167856  114  1029
 10  100     0     38  15.5     13  151334    953    115     10    202052  126  1377
 11  100     0     38  16.5     13  191794   1015    134     10    240321  138  1733
 12  100     0     38  17.4     14  229864   1048    150     10    275593  150  2141
 13  100     0     38  18.2     14  267764   1082    167     10    311190  162  2391
 14  100     0     38  19.0     14  306329   1108    181     10    347672  174  2621
 15  100     0     38  19.6     15  342950   1134    198     10    382350  186  2899
 16  100     0     38  20.2     15  383198   1187    213     10    420381  198  3306
 17  100     0     38  20.9     15  422544   1205    229     10    457572  210  3823
 18  100     0     38  21.4     15  458521   1236    243     10    492033  222  4177
 19  100     0     38  22.0     16  498964   1290    252     10    530845  234  4493
 20  100     0     38  22.4     16  538085   1317    266     10    567000  246  4998
 21  100     0     38  23.0     16  583246   1336    279     10    610396  258  5347
rooms: { "reactor": 2, "airlock": 1, "elevator": 7, "oxygen": 2, "farm": 1, "living": 8, "dock": 1, "lab": 1, "storage": 1, "radio": 1, "pearl": 3, "medbay": 1, "kitchen": 1, "gym": 1, "school": 1, "lounge": 1, "workshop": 1, "armory": 1, "aquarium": 1, "turbine": 1, "observatory": 1 }
pearl sources: { "collect": 482551, "manage": 109262, "sim": 21569 }
pop sources: { "offline": 60, "sim": -35, "manage": 43, "session_start": 0 } births 38
ERROR: 5 resources still in use at exit (run with --verbose for details).
