profile=free  sessions=8×15 min/day
day  pop  kids  rooms  lvl  colLv  pearls  cryst  items  story  earned_p  ads  starv  dead%
  1   10     0     16  6.3      6     855     80      4     10      5222    0     0    10
  2   14     0     18  8.0      7    4878    134     10     10     13655    0     0     3
  3   18     0     28  8.9      8    1206    227     20     16     28368    0     0     6
  4   21     0     29  10.2      9    2147    285     42     17     42959    0     0    11
  5   23     0     30  11.2     10    1003    326     60     17     59764    0     0    11
  6   26     0     30  11.7     11    3662    344     72     17     76353    0     0     2
  7   38     1     38  11.2     11    1546    426     93     20     93115    0     0     9
  8   45     2     38  11.8     12    3440    459    116     20    112618    0     0     5
  9   57     2     38  12.1     13    3782    551    140     23    134130    0     0     7
 10   68     1     39  12.4     13    1114    617    158     23    154655    0     0     4
 11   78     2     39  13.2     14    2973    654    182     23    180188    0     0     3
 12   88     2     40  13.7     15    5456    718    210     23    206206    0     0     2
 13  100     2     40  14.1     16     636    743    239     23    232442    0     0     1
 14  100     0     40  15.5     16    6027    791    270     23    263018    0     0     2
 15  100     0     40  16.6     17    8739    857    294     23    289981    0     0     0
 16  100     0     40  17.5     17    5424    893    311     23    317258    0     0     1
 17  100     0     40  18.3     17    7340    945    338     23    349266    0     0     0
 18  100     0     40  19.0     18   12475    991    358     23    380442    0     0     0
 19  100     0     40  19.7     18    3535   1040    383     23    413343    0     0     2
 20  100     0     40  20.4     18    7906   1105    415     23    449216    0     0     1
 21  100     0     40  21.0     19    1889   1222    446     23    494624    0     0     0
 22  100     0     40  21.6     19    9627   1277    473     23    540320    0     0     0
 23  100     0     40  22.1     20   15330   1342    498     23    587024    0     0     0
 24  100     0     40  22.6     20   22273   1377    519     23    631257    0     0     0
 25  100     0     40  23.1     20     691   1456    539     23    668898    0     0     1
 26  100     0     40  23.6     21   25782   1525    563     23    717622    0     0     0
 27  100     0     40  24.1     21    6874   1585    589     23    762143    0     0     0
 28  100     0     40  24.5     21   33906   1679    613     23    801605    0     0     0
 29  100     0     40  24.9     22    8120   1812    639     23    837082    0     0     0
 30  100     0     40  25.4     22    5544   1918    670     23    881597    0     0     0
 31  100     0     40  25.7     22   21730   1972    695     23    920156    0     0     0
 32  100     0     40  26.1     23    4899   2026    714     23    957012    0     0     0
 33  100     0     40  26.5     23   33081   2095    747     23    997265    0     0     0
 34  100     0     40  26.9     23   15136   2130    765     23   1030066    0     0     0
 35  100     0     40  27.3     24   43552   2255    795     23   1067870    0     0     0
 36  100     0     40  27.6     24    9874   2335    824     23   1103956    0     0     0
 37  100     0     40  27.9     24   27576   2444    854     23   1143043    0     0     0
 38  100     0     40  28.3     25    2364   2526    876     23   1179889    0     0     0
 39  100     0     40  28.6     25   41934   2580    906     23   1221801    0     0     0
 40  100     0     40  28.9     25   11257   2666    934     23   1260038    0     0     0
 41  100     0     40  29.3     25   41965   2771    976     23   1301011    0     0     0
 42  100     0     40  29.6     26    3582   2881    999     23   1336771    0     0     0
 43  100     0     40  29.9     26   43433   2988   1032     23   1376607    0     0     0
 44  100     0     40  30.2     26   43664   3066   1049     23   1411767    0     0     0
 45  100     0     40  30.5     26   55649   3174   1069     23   1448426    0     0     0
rooms: { "reactor": 3, "airlock": 1, "elevator": 11, "oxygen": 2, "farm": 1, "living": 5, "pearl": 3, "dock": 1, "lab": 1, "radio": 1, "storage": 1, "medbay": 1, "kitchen": 1, "gym": 1, "school": 1, "lounge": 1, "workshop": 1, "armory": 1, "aquarium": 1, "observatory": 1, "turbine": 1 }
room levels: { 5: 28, 1: 12 }
pearl sources: { "collect": 840083, "manage": 518533, "sim": 153385 }
pearl by source: { "daily": 2380, "story": 3050, "sim(boss/raid/offline)": 153385, "season": 2800, "collect": 840083, "crates": 92146, "quests": 3260, "expeditions": 316084, "raider_bodies": 72138 }
pearl spent on: { "upgrade": 1126721, "build": 17190, "craft": 659400, "project": 376796, "exchange": 232750, "revive": 940, "event_tokens": 55000 }
trophies: { "tide": 2, "harvest": 2, "explorers": 2, "pearl_week": 1 } event buys: 58
projects: { "survivor_beacon": 5, "garden_dome": 6, "deep_bathyscaphe": 3, "pearl_monument": 2 } materials: { "shell": 0, "coral": 24, "kelp_fiber": 48, "scrap": 506, "copper": 4, "vent_crystal": 2, "abyss_pearl": 7, "kraken_ink": 325 } blueprints: 48 crafted: 508
deaths: 1 { "death_expedition": 1 }  starve secs: { "oxygen": 0, "food": 0, "energy0": 688 }
crystal sources: { "crates": 622, "quests": 171, "story": 91, "achievements": 141, "weekly": 196, "expeditions": 1168, "season": 60, "raider_bodies": 8, "daily": 62, "event_shop": 90, "sim(boss/raid/offline)": 307, "collect": 9 }
item sources: { "crates": 127, "expeditions": 120, "raider_bodies": 220, "sim(boss/raid/offline)": 54 }
crate sources: { "story": 6, "expeditions": 89, "weekly": 14, "event_shop": 26, "season": 6, "daily": 12, "sim(boss/raid/offline)": 6, "collect": 1 }
pop sources: { "offline": 29, "sim": 4, "manage": 21, "session_start": 0 } births 12
